INTGRL        1    0    1    0    0    0    0    0    0
TURBOMOLE
              Generated by turbo2mol (TM)
12    0            0.10E-08              0    0
9999.00      3.00
6.0    1 3  3  2  1  
 C 1      2.656906650220     -0.000000000000      0.000000000000
     5  1
   1238.4016938000    0.0054568832
    186.2900499200    0.0406384092
     42.2511763460    0.1802559389
     11.6765579320    0.4631512175
      3.5930506482    0.4408717331
      1  1
      0.4024514736    1.0000000000
      1  1
      0.1309018267    1.0000000000
      3  1
      9.4680970621    0.0383878717
      2.0103545142    0.2111702511
      0.5477100471    0.5132817211
      1  1
      0.1526861379    1.0000000000
      1  1
      0.8000000000    1.0000000000
 6.0    1 3  3  2  1  
 C 1      1.328453325110      2.300948654575      0.000000000000
     5  1
   1238.4016938000    0.0054568832
    186.2900499200    0.0406384092
     42.2511763460    0.1802559389
     11.6765579320    0.4631512175
      3.5930506482    0.4408717331
      1  1
      0.4024514736    1.0000000000
      1  1
      0.1309018267    1.0000000000
      3  1
      9.4680970621    0.0383878717
      2.0103545142    0.2111702511
      0.5477100471    0.5132817211
      1  1
      0.1526861379    1.0000000000
      1  1
      0.8000000000    1.0000000000
 6.0    1 3  3  2  1  
 C 1     -1.328453325110      2.300948654575      0.000000000000
     5  1
   1238.4016938000    0.0054568832
    186.2900499200    0.0406384092
     42.2511763460    0.1802559389
     11.6765579320    0.4631512175
      3.5930506482    0.4408717331
      1  1
      0.4024514736    1.0000000000
      1  1
      0.1309018267    1.0000000000
      3  1
      9.4680970621    0.0383878717
      2.0103545142    0.2111702511
      0.5477100471    0.5132817211
      1  1
      0.1526861379    1.0000000000
      1  1
      0.8000000000    1.0000000000
 6.0    1 3  3  2  1  
 C 1     -2.656906650220      0.000000000000      0.000000000000
     5  1
   1238.4016938000    0.0054568832
    186.2900499200    0.0406384092
     42.2511763460    0.1802559389
     11.6765579320    0.4631512175
      3.5930506482    0.4408717331
      1  1
      0.4024514736    1.0000000000
      1  1
      0.1309018267    1.0000000000
      3  1
      9.4680970621    0.0383878717
      2.0103545142    0.2111702511
      0.5477100471    0.5132817211
      1  1
      0.1526861379    1.0000000000
      1  1
      0.8000000000    1.0000000000
 6.0    1 3  3  2  1  
 C 1     -1.328453325110     -2.300948654575      0.000000000000
     5  1
   1238.4016938000    0.0054568832
    186.2900499200    0.0406384092
     42.2511763460    0.1802559389
     11.6765579320    0.4631512175
      3.5930506482    0.4408717331
      1  1
      0.4024514736    1.0000000000
      1  1
      0.1309018267    1.0000000000
      3  1
      9.4680970621    0.0383878717
      2.0103545142    0.2111702511
      0.5477100471    0.5132817211
      1  1
      0.1526861379    1.0000000000
      1  1
      0.8000000000    1.0000000000
 6.0    1 3  3  2  1  
 C 1      1.328453325110     -2.300948654575      0.000000000000
     5  1
   1238.4016938000    0.0054568832
    186.2900499200    0.0406384092
     42.2511763460    0.1802559389
     11.6765579320    0.4631512175
      3.5930506482    0.4408717331
      1  1
      0.4024514736    1.0000000000
      1  1
      0.1309018267    1.0000000000
      3  1
      9.4680970621    0.0383878717
      2.0103545142    0.2111702511
      0.5477100471    0.5132817211
      1  1
      0.1526861379    1.0000000000
      1  1
      0.8000000000    1.0000000000
 1.0    1 2  2  1  
 H 1      4.737693225198      0.000000000000      0.000000000000
     3  1
     13.0107010000    0.0196821580
      1.9622572000    0.1379652400
      0.4445379600    0.4783193500
      1  1
      0.1219496200    1.0000000000
      1  1
      0.8000000000    1.0000000000
 1.0    1 2  2  1  
 H 1      2.368846612599      4.102962688359      0.000000000000
     3  1
     13.0107010000    0.0196821580
      1.9622572000    0.1379652400
      0.4445379600    0.4783193500
      1  1
      0.1219496200    1.0000000000
      1  1
      0.8000000000    1.0000000000
 1.0    1 2  2  1  
 H 1     -2.368846612599      4.102962688359      0.000000000000
     3  1
     13.0107010000    0.0196821580
      1.9622572000    0.1379652400
      0.4445379600    0.4783193500
      1  1
      0.1219496200    1.0000000000
      1  1
      0.8000000000    1.0000000000
 1.0    1 2  2  1  
 H 1     -4.737693225198      0.000000000000      0.000000000000
     3  1
     13.0107010000    0.0196821580
      1.9622572000    0.1379652400
      0.4445379600    0.4783193500
      1  1
      0.1219496200    1.0000000000
      1  1
      0.8000000000    1.0000000000
 1.0    1 2  2  1  
 H 1     -2.368846612599     -4.102962688359      0.000000000000
     3  1
     13.0107010000    0.0196821580
      1.9622572000    0.1379652400
      0.4445379600    0.4783193500
      1  1
      0.1219496200    1.0000000000
      1  1
      0.8000000000    1.0000000000
 1.0    1 2  2  1  
 H 1      2.368846612599     -4.102962688359      0.000000000000
     3  1
     13.0107010000    0.0196821580
      1.9622572000    0.1379652400
      0.4445379600    0.4783193500
      1  1
      0.1219496200    1.0000000000
      1  1
      0.8000000000    1.0000000000

